1.00088e-05 19.5139
1.02303e-05 19.9311
1.04568e-05 20.3572
1.06882e-05 20.7924
1.09248e-05 21.2369
1.11666e-05 21.6909
1.14138e-05 22.1546
1.16665e-05 22.6282
1.19247e-05 23.1119
1.21887e-05 23.606
1.24585e-05 24.1107
1.27342e-05 24.6261
1.30161e-05 25.1526
1.33042e-05 25.6903
1.35987e-05 26.2395
1.38997e-05 26.8005
1.42074e-05 27.3734
1.45218e-05 27.9586
1.48433e-05 28.5563
1.51718e-05 29.1668
1.55077e-05 29.7903
1.58509e-05 30.4272
1.62018e-05 31.0776
1.65604e-05 31.742
1.6927e-05 32.4206
1.73017e-05 33.1137
1.76846e-05 33.8216
1.80761e-05 34.5446
1.84762e-05 35.2831
1.88852e-05 36.0374
1.93032e-05 36.8078
1.97305e-05 37.5947
2.01672e-05 38.3984
2.06136e-05 39.2193
2.10699e-05 40.0577
2.15363e-05 40.9141
2.2013e-05 41.7887
2.25002e-05 42.6821
2.29983e-05 43.5946
2.35073e-05 44.5265
2.40277e-05 45.4784
2.45595e-05 46.4507
2.51032e-05 47.4437
2.56588e-05 48.458
2.62268e-05 49.4939
2.68073e-05 50.552
2.74007e-05 51.6327
2.80072e-05 52.7365
2.86271e-05 53.8639
2.92608e-05 55.0154
2.99085e-05 56.1915
3.05705e-05 57.3928
3.12472e-05 58.6197
3.19389e-05 59.8729
3.26458e-05 61.1529
3.33684e-05 62.4602
3.4107e-05 63.7955
3.4862e-05 65.1593
3.56337e-05 66.5523
3.64224e-05 67.975
3.72286e-05 69.4282
3.80527e-05 70.9125
3.8895e-05 72.4284
3.97559e-05 73.9768
4.06359e-05 75.5583
4.15354e-05 77.1736
4.24548e-05 78.8234
4.33945e-05 80.5085
4.43551e-05 82.2296
4.53369e-05 83.9875
4.63404e-05 85.783
4.73661e-05 87.6169
4.84146e-05 89.49
4.94863e-05 91.4031
5.05816e-05 93.3571
5.17013e-05 95.3529
5.28457e-05 97.3914
5.40154e-05 99.4734
5.5211e-05 101.6
5.64331e-05 103.772
5.76823e-05 105.99
5.89591e-05 108.256
6.02641e-05 110.571
6.15981e-05 112.934
6.29616e-05 115.349
6.43552e-05 117.815
6.57797e-05 120.333
6.72357e-05 122.906
6.8724e-05 125.533
7.02452e-05 128.217
7.18001e-05 130.958
7.33894e-05 133.758
7.50139e-05 136.617
7.66743e-05 139.538
7.83715e-05 142.521
8.01062e-05 145.568
8.18794e-05 148.679
8.36918e-05 151.858
8.55443e-05 155.104
8.74378e-05 158.42
8.93733e-05 161.807
9.13515e-05 165.266
9.33736e-05 168.799
9.54404e-05 172.408
9.7553e-05 176.093
9.97123e-05 179.858
0.000101919 183.703
0.000104175 187.63
0.000106481 191.642
0.000108838 195.738
0.000111247 199.923
0.00011371 204.196
0.000116227 208.561
0.0001188 213.019
0.000121429 217.573
0.000124117 222.223
0.000126864 226.973
0.000129673 231.823
0.000132543 236.778
0.000135477 241.838
0.000138475 247.006
0.000141541 252.285
0.000144674 257.675
0.000147876 263.181
0.000151149 268.804
0.000154495 274.547
0.000157915 280.413
0.00016141 286.403
0.000164983 292.521
0.000168635 298.77
0.000172368 305.151
0.000176183 311.668
0.000180083 318.325
0.000184069 325.122
0.000188143 332.065
0.000192308 339.155
0.000196564 346.396
0.000200915 353.791
0.000205363 361.343
0.000209908 369.056
0.000214555 376.932
0.000219304 384.976
0.000224158 393.191
0.00022912 401.58
0.000234191 410.147
0.000239375 418.895
0.000244674 427.83
0.00025009 436.953
0.000255625 446.271
0.000261284 455.785
0.000267067 465.501
0.000272979 475.422
0.000279021 485.554
0.000285197 495.899
0.00029151 506.464
0.000297963 517.251
0.000304558 528.266
0.0003113 539.514
0.00031819 550.998
0.000325233 562.725
0.000332432 574.699
0.000339791 586.925
0.000347312 599.408
0.000355 612.153
0.000362858 625.166
0.00037089 638.452
0.000379099 652.016
0.000387491 665.865
0.000396068 680.004
0.000404835 694.438
0.000413796 709.174
0.000422955 724.218
0.000432317 739.575
0.000441886 755.253
0.000451668 771.256
0.000461665 787.593
0.000471884 804.268
0.000482329 821.289
0.000493006 838.663
0.000503918 856.396
0.000515073 874.496
0.000526474 892.969
0.000538127 911.823
0.000550039 931.064
0.000562214 950.7
0.000574658 970.74
0.000587379 991.189
0.00060038 1012.06
0.00061367 1033.35
0.000627253 1055.08
0.000641137 1077.25
0.000655329 1099.86
0.000669835 1122.94
0.000684661 1146.48
0.000699816 1170.5
0.000715307 1195
0.00073114 1219.99
0.000747324 1245.49
0.000763866 1271.49
0.000780774 1298.01
0.000798057 1325.06
0.000815722 1352.64
0.000833778 1380.77
0.000852233 1409.46
0.000871098 1438.71
0.000890379 1468.53
0.000910088 1498.94
0.000930233 1529.94
0.000950823 1561.54
0.00097187 1593.75
0.000993382 1626.59
0.00101537 1660.06
0.00103785 1694.17
0.00106082 1728.93
0.0010843 1764.35
0.0011083 1800.44
0.00113283 1837.21
0.00115791 1874.68
0.00118354 1912.85
0.00120974 1951.72
0.00123651 1991.32
0.00126388 2031.65
0.00129186 2072.72
0.00132046 2114.54
0.00134968 2157.12
0.00137956 2200.47
0.0014101 2244.6
0.00144131 2289.52
0.00147321 2335.23
0.00150582 2381.75
0.00153915 2429.09
0.00157322 2477.26
0.00160804 2526.25
0.00164364 2576.09
0.00168002 2626.78
0.00171721 2678.32
0.00175522 2730.74
0.00179407 2784.02
0.00183378 2838.18
0.00187437 2893.23
0.00191586 2949.18
0.00195827 3006.02
0.00200162 3063.77
0.00204592 3122.42
0.00209121 3182
0.0021375 3242.49
0.00218481 3303.9
0.00223317 3366.25
0.0022826 3429.52
0.00233313 3493.72
0.00238477 3558.86
0.00243756 3624.94
0.00249151 3691.95
0.00254666 3759.89
0.00260303 3828.78
0.00266065 3898.59
0.00271955 3969.34
0.00277974 4041.01
0.00284127 4113.61
0.00290416 4187.13
0.00296845 4261.56
0.00303415 4336.91
0.00310132 4413.15
0.00316996 4490.29
0.00324013 4568.31
0.00331185 4647.2
0.00338516 4726.96
0.00346009 4807.56
0.00353668 4889
0.00361496 4971.26
0.00369498 5054.32
0.00377677 5138.17
0.00386037 5222.79
0.00394582 5308.15
0.00403316 5394.24
0.00412243 5481.02
0.00421368 5568.49
0.00430695 5656.61
0.00440228 5745.35
0.00449973 5834.68
0.00459933 5924.58
0.00470114 6015
0.0048052 6105.92
0.00491156 6197.28
0.00502028 6289.07
0.0051314 6381.23
0.00524498 6473.74
0.00536108 6566.57
0.00547975 6659.67
0.00560104 6752.98
0.00572502 6846.44
0.00585175 6939.98
0.00598127 7033.53
0.00611367 7127.02
0.006249 7220.4
0.00638732 7313.63
0.0065287 7406.64
0.00667321 7499.39
0.00682093 7591.78
0.00697191 7683.75
0.00712623 7775.2
0.00728397 7866.05
0.0074452 7956.22
0.00761 8045.62
0.00777845 8134.19
0.00795062 8221.86
0.00812661 8308.53
0.00830649 8394.13
0.00849036 8478.55
0.00867829 8561.69
0.00887039 8643.44
0.00906673 8723.71
0.00926742 8802.36
0.00947256 8879.3
0.00968223 8954.4
0.00989655 9027.54
0.0101156 9098.62
0.0103395 9167.5
0.0105684 9234.07
0.0108023 9298.21
0.0110414 9359.79
0.0112858 9418.69
0.0115356 9474.76
0.011791 9527.89
0.012052 9577.93
0.0123187 9624.75
0.0125914 9668.21
0.0128701 9708.16
0.013155 9744.49
0.0134462 9777.04
0.0137438 9805.68
0.014048 9830.26
0.014359 9850.67
0.0146768 9866.75
0.0150017 9878.38
0.0153338 9885.43
0.0156732 9887.78
0.0160201 9885.29
0.0163747 9877.87
0.0167372 9865.39
0.0171076 9847.75
0.0174863 9824.84
0.0178734 9796.6
0.018269 9762.92
0.0186734 9723.76
0.0190867 9679.04
0.0195092 9628.72
0.0199411 9572.77
0.0203825 9511.18
0.0208336 9443.94
0.0212948 9371.08
0.0217661 9292.61
0.0222479 9208.59
0.0227404 9119.11
0.0232437 9024.27
0.0237582 8924.18
0.0242841 8818.96
0.0248217 8708.8
0.0253711 8593.9
0.0259327 8474.48
0.0265067 8350.75
0.0270934 8222.98
0.0276931 8091.5
0.0283061 7956.62
0.0289327 7818.66
0.0295731 7677.97
0.0302277 7534.96
0.0308968 7390.07
0.0315807 7243.72
0.0322797 7096.32
0.0329942 6948.3
0.0337246 6800.16
0.0344711 6652.39
0.0352341 6505.42
0.036014 6359.67
0.0368112 6215.66
0.037626 6073.93
0.0384588 5934.94
0.0393101 5799.14
0.0401802 5666.88
0.0410696 5538.39
0.0419787 5413.9
0.0429079 5293.57
0.0438577 5177.6
0.0448285 5066.33
0.0458207 4960.17
0.046835 4859.51
0.0478717 4764.68
0.0489313 4675.63
0.0500144 4591.74
0.0511215 4512.44
0.052253 4437.16
0.0534097 4365.43
0.0545919 4296.85
0.0558003 4231.07
0.0570354 4167.7
0.0582979 4106.19
0.0595883 4045.91
0.0609073 3986.26
0.0622555 3926.48
0.0636335 3865.6
0.0650421 3802.67
0.0664818 3736.81
0.0679533 3667.19
0.0694575 3593.07
0.0709949 3513.89
0.0725664 3429.38
0.0741727 3339.42
0.0758145 3244.18
0.0774926 3144.2
0.0792079 3040.07
0.0809612 2932.78
0.0827533 2823.36
0.084585 2712.95
0.0864573 2602.74
0.088371 2493.9
0.0903271 2387.66
0.0923265 2285.2
0.0943702 2187.82
0.096459 2096.69
0.0985942 2012.79
0.100777 1936.89
0.103007 1869.57
0.105287 1810.74
0.107618 1759.97
0.11 1716.47
0.112435 1678.84
0.114924 1645.65
0.117467 1615.15
0.120068 1585.62
0.122725 1555.38
0.125442 1522.88
0.128218 1486.84
0.131057 1446.28
0.133957 1400.75
0.136923 1350.26
0.139953 1295.42
0.143051 1237.3
0.146218 1177.42
0.149454 1117.62
0.152762 1059.9
0.156144 1006.25
0.1596 958.207
0.163133 916.709
0.166744 881.818
0.170435 852.958
0.174207 829.004
0.178063 808.56
0.182005 789.987
0.186033 771.428
0.190151 751.019
0.19436 727.402
0.198662 700.124
0.20306 669.736
0.207554 637.446
0.212149 604.729
0.216845 573.149
0.221644 544.206
0.226551 519.011
0.231565 497.91
0.236691 480.417
0.24193 465.466
0.247285 451.695
0.252759 437.668
0.258354 422.251
0.264072 405.043
0.269918 386.455
0.275892 367.408
0.281999 348.975
0.288241 332.129
0.294621 317.443
0.301143 304.851
0.307809 293.712
0.314622 283.135
0.321586 272.338
0.328704 260.912
0.33598 248.957
0.343417 237.004
0.351019 225.701
0.358789 215.446
0.36673 206.269
0.374848 197.887
0.383145 189.833
0.391626 181.72
0.400295 173.497
0.409155 165.383
0.418212 157.65
0.427469 150.506
0.436931 143.912
0.446603 137.662
0.456488 131.58
0.466593 125.566
0.476921 119.722
0.487477 114.164
0.498267 108.947
0.509297 104.028
0.52057 99.2989
0.532093 94.7161
0.543871 90.2889
0.555909 86.0743
0.568214 82.0775
0.580792 78.2771
0.593647 74.6235
0.606788 71.1149
0.620219 67.7624
0.633948 64.5669
0.64798 61.5222
0.662323 58.615
0.676984 55.8361
0.691969 53.1806
0.707285 50.6438
0.722941 48.2211
0.738944 45.9082
0.7553 43.7006
0.772019 41.5941
0.789107 39.5848
0.806574 37.6685
0.824428 35.8414
0.842676 34.0997
0.861329 32.4394
0.880395 30.8568
0.899882 29.3486
0.919801 27.9112
0.940161 26.5416
0.960971 25.2366
0.982242 23.9932
1.00398 22.8088
1.02621 21.6805
1.04892 20.6059
1.07214 19.5827
1.09587 18.6084
1.12013 17.6808
1.14492 16.798
1.17027 15.9577
1.19617 15.1581
1.22265 14.3973
1.24971 13.6735
1.27737 12.985
1.30565 12.3301
1.33455 11.7072
1.36409 11.1148
1.39428 10.5514
1.42515 10.0155
1.45669 9.50602
1.48893 9.02153
1.52189 8.56088
1.55558 8.12293
1.59001 7.70664
1.62521 7.31106
1.66118 6.93526
1.69795 6.57835
1.73554 6.23947
1.77395 5.91778
1.81322 5.6125
1.85335 5.32284
1.89438 5.04808
1.93631 4.7875
1.97917 4.54037
2.02298 4.306
2.06776 4.08372
2.11353 3.87292
2.16031 3.673
2.20813 3.4834
2.25701 3.30359
2.30696 3.13306
2.35803 2.97133
2.41022 2.81795
2.46357 2.67249
2.51811 2.53454
2.57384 2.40371
2.63082 2.27963
2.68905 2.16195
2.74857 2.05035
2.80941 1.94451
2.8716 1.84414
2.93516 1.74894
3.00013 1.65866
3.06654 1.57304
3.13441 1.49184
3.2038 1.41484
3.27471 1.3418
3.3472 1.27254
3.42129 1.20685
3.49702 1.14455
3.57442 1.08547
3.65354 1.02944
3.73442 0.976301
3.81708 0.925904
3.90157 0.878109
3.98793 0.832781
4.0762 0.789793
4.16643 0.749025
4.25865 0.71036
4.35292 0.673691
4.44927 0.638916
4.54775 0.605935
4.64842 0.574657
4.75131 0.544993
4.85648 0.516861
4.96398 0.49018
5.07386 0.464877
5.18617 0.440881
5.30096 0.418122
5.4183 0.396539
5.53823 0.37607
5.66082 0.356657
5.78612 0.338247
5.9142 0.320786
6.04511 0.304227
6.17892 0.288523
6.31569 0.27363
6.45549 0.259505
6.59838 0.24611
6.74444 0.233405
6.89372 0.221357
7.04632 0.209931
7.20229 0.199094
7.36171 0.188817
7.52466 0.17907
7.69122 0.169827
7.86146 0.16106
8.03548 0.152746
8.21334 0.144862
8.39515 0.137384
8.58097 0.130292
8.77091 0.123567
8.96506 0.117188
9.1635 0.111139
9.36633 0.105402
9.57366 0.0999611
9.78557 0.0948011
10.0022 0.0899075
10.2236 0.0852665
10.4499 0.080865
10.6812 0.0766908
10.9176 0.072732
11.1593 0.0689776
11.4063 0.065417
11.6588 0.0620402
11.9168 0.0588377
12.1806 0.0558005
12.4502 0.0529201
12.7258 0.0501884
13.0075 0.0475977
13.2954 0.0451407
13.5897 0.0428105
13.8905 0.0406007
14.198 0.0385049
14.5123 0.0365173
14.8335 0.0346323
15.1618 0.0328445
15.4974 0.0311491
15.8405 0.0295412
16.1911 0.0280163
16.5495 0.0265701
16.9158 0.0251986
17.2902 0.0238978
17.673 0.0226642
18.0641 0.0214943
18.464 0.0203848
18.8727 0.0193325
19.2904 0.0183346
19.7174 0.0173881
20.1539 0.0164906
20.6 0.0156393
21.056 0.014832
21.522 0.0140664
21.9984 0.0133403
22.4854 0.0126517
22.9831 0.0119986
23.4918 0.0113792
24.0118 0.0107918
24.5433 0.0102348
25.0866 0.00970645
25.6419 0.00920541
26.2094 0.00873023
26.7896 0.00827958
27.3826 0.00785219
27.9887 0.00744686
28.6082 0.00706245
29.2415 0.00669789
29.8887 0.00635215
30.5503 0.00602425
31.2265 0.00571328
31.9177 0.00541836
32.6242 0.00513867
33.3464 0.00487341
34.0845 0.00462185
34.839 0.00438327
35.6101 0.004157
36.3984 0.00394242
37.204 0.00373891
38.0275 0.00354591
38.8693 0.00336287
39.7297 0.00318928
40.6091 0.00302465
41.508 0.00286852
42.4267 0.00272045
43.3658 0.00258002
44.3258 0.00244684
45.3069 0.00232053
46.3098 0.00220075
47.3348 0.00208715
48.3826 0.00197941
49.4535 0.00187723
50.5482 0.00178033
51.6671 0.00168843
52.8107 0.00160127
53.9797 0.00151862
55.1745 0.00144023
56.3958 0.00136588
57.6442 0.00129537
58.9201 0.00122851
60.2243 0.00116509
61.5574 0.00110495
62.9199 0.00104791
64.3127 0.00099382
65.7362 0.000942519
67.1913 0.000893867
68.6786 0.000847726
70.1988 0.000803966
71.7526 0.000762466
73.3409 0.000723107
74.9643 0.000685781
76.6236 0.000650381
78.3197 0.000616808
80.0533 0.000584969
81.8253 0.000554773
83.6365 0.000526136
85.4878 0.000498977
87.38 0.00047322
89.3142 0.000448792
91.2912 0.000425626
93.3119 0.000403655
95.3773 0.000382818
97.4885 0.000363057
99.6464 0.000344316
101.852 0.000326543
104.107 0.000309687
106.411 0.000293701
108.766 0.00027854
111.174 0.000264162
113.635 0.000250526
116.15 0.000237594
118.721 0.000225329
121.349 0.000213698
124.035 0.000202667
126.781 0.000192205
129.587 0.000182284
132.455 0.000172874
135.387 0.00016395
138.384 0.000155487
141.447 0.000147461
144.578 0.000139849
147.778 0.00013263
151.049 0.000125784
154.393 0.000119291
157.81 0.000113133
161.303 0.000107293
164.874 0.000101755
168.523 9.65023e-05
172.254 9.15209e-05
176.066 8.67966e-05
179.964 8.23162e-05
183.947 7.8067e-05
188.019 7.40372e-05
192.181 7.02154e-05
196.435 6.65909e-05
200.783 6.31535e-05
205.227 5.98935e-05
209.77 5.68019e-05
214.413 5.38698e-05
219.159 5.1089e-05
224.01 4.84518e-05
228.968 4.59507e-05
234.037 4.35788e-05
239.217 4.13292e-05
244.512 3.91958e-05
249.924 3.71726e-05
255.457 3.52537e-05
261.111 3.34339e-05
266.891 3.17081e-05
272.798 3.00713e-05
278.837 2.8519e-05
285.009 2.70469e-05
291.318 2.56507e-05
297.766 2.43267e-05
304.357 2.30709e-05
311.094 2.188e-05
317.98 2.07506e-05
325.018 1.96794e-05
332.213 1.86636e-05
339.566 1.77002e-05
347.082 1.67865e-05
354.765 1.592e-05
362.618 1.50982e-05
370.644 1.43188e-05
378.849 1.35797e-05
387.234 1.28787e-05
395.806 1.22139e-05
